0.010190674	0
0.969934	1
0.9842541	1
0.99742883	1
0.02047659	0
0.41296235	1
0.008771838	0
0.0023182307	0
0.53324765	0
0.60626084	0
0.06368166	1
0.8984373	1
0.00022494895	0
0.00067365804	0
0.0069572823	0
0.9940592	1
0.7773218	1
0.0045998967	0
0.9998499	1
0.9929669	1
0.9529673	1
0.89331573	1
0.004790932	0
0.8295272	0
0.15156491	0
0.7364399	1
0.0018433698	0
0.05917131	0
0.002290489	0
0.1584574	0
0.0015567191	0
0.00027860305	0
0.98580986	1
0.005563756	0
0.9011937	1
0.011258731	0
0.94337285	1
0.1319883	0
0.9601829	1
0.007094158	0
0.024233704	0
0.99485457	1
0.023628836	0
0.035289988	0
0.20243157	0
0.41240168	0
0.97775686	1
0.977772	1
0.6085539	0
0.03473297	0
0.8180307	0
0.0025439989	0
0.41693607	0
0.98290145	1
0.9997092	1
0.079409435	0
0.16331941	1
0.039983917	0
0.02516207	0
0.5331441	0
0.96958256	1
0.9871023	1
0.003888285	0
0.6017054	0
0.054143015	0
0.9794479	1
0.96448976	1
0.05092244	1
0.9619884	1
0.94373846	1
0.21296866	0
0.9978557	1
0.7474512	0
0.9805139	1
0.98906976	1
0.75351983	1
0.0061901	0
0.006189584	0
0.9847215	1
0.053391438	1
0.36467382	0
0.82131714	1
0.123217225	0
0.011303577	1
0.0077948836	0
0.86060447	1
0.74839324	1
0.0034413189	0
0.85035694	0
0.19395559	1
0.032619245	0
0.11845163	0
0.0013496284	0
0.99749917	1
0.120876126	0
0.52990127	0
0.88021505	0
0.9020039	0
0.14894567	1
0.27234247	1
0.006170097	0
0.0005915634	0
0.83206326	1
0.015091604	0
0.20998822	0
0.006517919	0
0.45689666	1
0.4603899	1
0.9598172	1
0.7712293	1
0.14807037	0
0.80558103	1
0.9064197	1
0.003625883	0
0.0048054	0
0.9817883	1
0.22455376	0
0.008812901	0
0.9763347	1
0.65284026	0
0.038125344	0
0.009682033	0
0.7015339	1
0.9319876	1
0.001339417	0
0.024228536	0
0.7632362	1
0.0054493006	0
0.80563915	1
0.0038989352	0
0.99930584	1
0.8779256	1
0.9859234	1
0.9990299	1
0.7413753	1
0.028917823	1
0.025041733	1
0.7767773	1
0.8450912	1
0.09362559	0
0.9315647	0
0.04803085	0
0.043489058	0
0.043199178	1
0.0007257799	0
0.05374572	0
0.779222	0
0.7068741	1
0.13486353	0
0.051203586	0
0.42528158	1
0.006529381	0
0.009340518	0
0.890444	1
0.01578465	0
0.0147988405	0
0.50282735	0
0.9048331	1
0.0035332325	0
0.0017638239	0
0.0021549105	0
0.006075296	0
0.9952739	1
0.07271523	0
0.0022238449	0
0.82804185	1
0.97335625	1
0.18482606	1
0.001996994	0
0.9911567	1
0.20770618	0
0.003861452	0
0.00065302994	0
0.027541755	0
0.9902406	1
0.99820673	0
0.012681149	0
0.9235014	0
0.096421264	1
0.06187049	0
0.60893476	0
0.58690906	0
0.99297696	1
0.01460597	0
0.47129267	0
0.00033477705	0
0.9995788	1
8.0986865e-05	0
0.09846642	0
0.057951298	0
0.9463204	1
0.07066076	0
0.003348561	0
0.2526073	0
0.012735868	0
0.9996172	1
0.6864802	1
0.99692947	1
0.21078065	0
0.0013327142	0
0.99900335	1
0.4010712	1
0.23939146	0
0.6856035	1
0.004964645	0
0.18960139	0
0.95626193	0
0.95152885	1
0.99349713	1
0.9060704	1
0.0411543	1
0.9586283	1
0.8193572	1
0.9952851	1
0.9041486	1
0.26829606	0
0.89956206	0
0.97214365	1
0.9979803	1
0.9790645	1
0.85246164	1
0.9993168	1
0.0046475865	0
0.003921149	0
0.1924709	0
0.004588435	0
0.83935434	1
0.026513737	0
0.6315343	1
0.0074434318	0
0.9997781	1
0.76694834	1
0.011919104	0
0.030790279	0
0.0002095122	0
0.99641764	1
0.8021196	1
0.08273309	0
0.9927804	0
0.92296374	1
0.268692	0
0.88559777	1
0.18032189	1
0.0005955498	0
0.14423554	0
0.080175154	0
0.99734265	1
0.9997528	1
0.097227946	0
0.12706615	0
0.6440239	0
0.12544985	0
0.0015691911	0
0.8090741	1
0.005060462	0
0.055084657	0
0.0005859676	0
0.8617819	1
0.04007269	1
0.50717175	0
0.0133974245	0
0.043418877	0
0.99713635	1
0.6535079	1
0.45292237	0
0.9355454	1
0.006027046	0
0.001784772	0
0.18734658	0
0.7767773	1
0.003996615	0
0.49800995	0
0.9990164	1
0.95814663	1
0.99774504	1
0.003637623	0
0.97427475	0
0.01190997	1
0.3923326	0
0.0002247562	0
0.056835126	0
0.5295594	1
0.9942865	1
0.0109716365	0
0.7271145	0
0.11050434	0
0.011535439	0
0.024544526	0
0.024096463	0
0.107398875	0
0.01917482	0
0.00035822295	0
0.66956806	1
0.9710508	1
0.40393797	1
0.23449682	0
0.99513006	1
0.0024824196	1
0.002466285	0
0.9810143	1
0.99473274	1
0.78122365	1
0.088503934	0
0.08392864	0
0.0015431077	0
0.6951771	1
0.22010158	0
0.868174	1
0.9567463	1
0.34223545	0
0.52206004	0
0.00019688856	0
0.9557321	1
0.0013866561	0
0.5836031	1
0.02702905	0
0.8691481	0
0.07160218	0
0.022666333	0
0.67260116	1
0.12445702	0
0.20053437	1
0.25801226	0
0.8389629	1
0.12312713	0
0.06652211	0
0.0005316452	0
0.98558944	1
0.0012698869	0
0.4996928	1
0.1034267	0
0.95136815	1
0.084533304	0
0.99763703	1
0.060448706	0
0.00014601552	0
0.0013188237	0
0.0001297472	0
0.0041979677	0
0.6773765	0
0.9549118	1
0.007138536	0
0.9993938	1
0.33621806	1
0.9999455	1
0.000697644	0
0.8399857	1
0.2823991	0
0.7129722	0
0.9992899	1
0.20486946	0
0.8927204	0
0.013537254	0
0.019230293	0
0.99993217	1
0.0069043776	0
0.028998664	0
0.9964477	1
0.46168023	1
0.9869926	1
0.15105833	0
0.64418983	1
0.5626145	1
0.35207573	1
0.9090026	1
0.73366433	1
0.38288137	0
0.006544818	0
0.074928835	0
0.013195163	0
0.99409455	1
0.9273666	0
0.060438156	0
0.9012236	0
0.00014286563	0
0.99783057	1
0.0007903761	0
0.008460071	0
0.005832574	0
0.13784213	0
0.98579144	1
0.7291116	0
0.052359495	0
0.0041861897	0
0.044748046	0
0.5765461	1
0.92346245	1
0.9803483	1
0.33680236	1
0.8026958	0
0.07419372	0
0.7106125	1
0.7511989	1
0.03304698	0
0.9917542	1
0.04732647	0
0.041479733	0
0.037199166	0
0.0027575542	0
0.6225871	0
0.9412147	1
0.0020993804	0
0.1878655	0
0.065214075	0
0.9985424	1
0.18159506	0
0.3082025	0
0.70316815	1
0.0026948405	0
0.79538906	0
0.062343188	1
0.94752455	1
0.14055035	1
0.0024275514	0
0.0016196636	0
0.9946344	1
0.023569958	0
0.0029130965	0
0.089228794	0
0.93496394	1
0.123322286	0
0.973369	1
0.9597601	1
0.052185014	0
0.10393994	0
0.99268603	1
0.99947613	1
0.34111768	0
0.10735081	0
0.036102697	0
0.9876391	1
0.22070773	0
0.9881727	1
0.010398334	1
0.0085940985	0
0.56095195	1
0.06626519	0
0.9996216	1
0.9548237	1
0.9944455	1
0.75725204	1
2.3618544e-05	0
0.4274754	1
0.009085514	1
0.9983487	1
0.69201976	0
0.5380495	0
0.1455049	0
0.888732	1
0.17302403	0
0.94594264	1
0.78086305	1
0.26224333	0
0.9210459	1
0.0007228608	0
0.0020028453	0
0.92133665	1
0.73485005	0
0.0013010169	0
0.58375406	0
0.98919326	1
0.5608605	1
0.0012452779	0
0.9998129	1
0.09147348	0
0.32840726	0
0.9863768	1
0.046525527	0
0.8593309	1
0.33145604	0
0.83370996	1
0.010075946	0
0.017848454	0
0.858362	1
0.08642666	1
0.19533761	1
0.00012875114	0
0.10898199	0
0.036933973	0
0.41044685	0
0.97730196	1
0.45036647	0
0.06861429	0
0.8136383	1
0.9944688	1
0.99216425	1
0.012702438	0
0.03251316	0
0.024841832	0
0.089809515	0
0.015741283	0
0.059672628	1
0.017654112	0
0.052990027	0
0.6694353	1
0.019010326	0
0.022558518	0
0.015154238	0
0.024718493	0
0.0037229785	0
0.002052163	0
0.00013997803	0
0.10393994	0
0.0024384882	0
0.29408094	1
0.51128834	0
0.92504174	0
0.9271417	1
0.14253378	0
0.18735874	0
0.8653864	0
0.034224182	0
0.007993411	0
0.51070887	1
0.064292535	1
0.00026423484	0
0.027584648	0
0.8969466	0
0.0033512898	0
0.9999651	1
0.011711815	0
0.5938144	0
0.06127093	1
0.7659215	1
0.25920472	1
0.013050913	0
0.86985946	1
0.99236006	1
0.7103384	0
0.2527942	0
0.95993435	1
0.0063465433	0
0.0021918255	0
0.9988563	1
0.89803874	1
0.016976442	0
0.35853237	0
0.97316825	1
0.012021302	0
0.00047972117	0
0.9971451	1
0.98568034	1
0.0013376283	0
0.0042758123	0
0.27777246	1
0.0046377545	0
0.99887913	1
0.17770354	0
0.000358161	0
0.75832707	0
0.9713041	1
0.043972842	0
0.009824075	0
0.2972972	0
0.02186131	0
0.0744783	0
0.0044579515	0
0.9007621	1
0.9594001	1
0.011901483	0
0.62172735	1
0.030410975	0
0.92383015	1
0.99666756	0
0.74312234	1
0.666821	1
0.9857056	1
0.19838952	0
0.72889924	1
0.12984142	0
0.19177935	0
0.9998925	1
0.9749094	1
0.17715219	1
0.9127952	1
0.999246	1
0.9988167	1
0.9634782	1
0.9590815	1
0.99796873	1
0.0025038668	0
0.013613898	0
0.9375938	1
0.009771485	0
8.6130574e-05	0
0.020413192	0
0.9816533	1
0.9840793	1
0.9586343	1
0.6930618	0
0.92312354	1
0.8255052	1
0.41437453	0
0.99059254	1
0.16313672	0
0.9994199	1
0.023012197	1
0.15622021	0
0.0023979421	0
0.9986765	1
0.96415186	1
0.96517134	1
0.12660451	0
0.68830574	1
0.9983632	1
0.13593031	0
0.0011671109	0
0.99004376	1
0.040038843	0
0.5044023	1
0.19605404	0
0.014114402	0
0.007108571	0
0.0080492	0
0.027896648	0
0.012783651	0
0.91552585	0
4.9701688e-05	0
0.9786189	1
0.9957925	1
0.9950937	1
0.13870703	0
0.1372137	0
0.6819583	1
0.09003483	0
0.62332845	0
0.94191897	1
0.40395933	0
0.0037540137	0
0.9194486	1
0.0046305205	0
0.96239036	1
0.0041567017	0
0.9986418	1
0.5578812	1
0.6951771	1
0.6099549	1
0.9027327	0
0.87326735	0
0.0032029096	0
0.13305435	1
0.9978529	1
0.9884184	1
0.018104443	0
0.00085265475	0
0.18727791	1
0.0015785753	0
0.048194822	0
0.08142245	0
0.0011496592	0
0.058808632	0
0.015769448	0
0.0090214135	0
0.939811	1
0.104976304	0
0.99560416	1
0.036075823	0
0.9962465	1
0.9992176	1
0.03281359	0
0.8541248	1
0.037959054	1
0.015861625	0
0.004079182	0
0.20732716	0
0.949915	1
0.3809061	1
0.49213704	0
0.10110418	0
0.948675	0
0.066706166	0
0.7285498	0
0.9999219	1
0.9993674	1
0.14491709	0
0.90858024	1
0.7375603	1
0.8770816	1
0.80116844	0
0.00045800826	0
0.70696163	0
0.98855317	1
0.9972759	1
0.43789068	1
0.03741529	0
0.8309492	0
0.92602676	1
0.0054678223	0
0.9978265	1
0.5052308	0
0.95202744	1
0.19402437	0
0.5862661	0
0.9038088	1
0.82802427	1
0.99111336	1
0.9960006	1
0.953111	0
0.092854664	0
0.004659124	0
0.0018166078	0
0.03378483	0
0.9963672	1
0.035505522	0
0.019519567	0
0.97860354	1
0.99312615	1
0.010976528	0
0.091109954	0
0.73228604	0
0.17208229	0
0.30624658	0
0.9882486	1
0.006856728	0
0.8295479	1
0.1283439	0
0.0027732025	0
0.03628324	1
0.911673	1
0.0031396989	0
0.9991997	1
0.93539363	0
0.015474831	0
0.9946884	1
0.07563973	1
0.0027139825	0
0.8051642	1
0.9742966	1
0.07469874	0
0.33965695	1
0.39379734	1
0.065827265	0
0.041444786	0
0.9776954	1
0.845874	1
0.9690542	1
0.9475988	1
0.055358294	0
0.0009726065	0
0.79804087	1
0.00189189	0
0.06687834	0
0.010522302	0
0.9445285	1
0.28422982	0
0.98597986	1
0.009984461	0
0.12683861	1
0.640211	1
0.003673678	0
0.017670136	0
0.7810971	1
0.71579367	1
0.40108	1
0.028127799	0
0.8940697	1
0.05101306	0
0.0990652	0
0.97799677	0
0.99989736	1
0.067861594	0
0.9582295	1
0.24804957	1
0.9795614	1
0.74422365	1
0.43665904	1
0.0018529351	0
0.97055674	1
0.054339428	0
0.014992437	1
0.94389474	0
0.15353127	0
0.43410343	1
0.9837546	1
0.03127671	0
0.90297693	1
0.00023139412	0
0.99484384	1
0.89283425	1
0.9611063	0
0.00011258515	0
0.9977564	1
0.114879176	0
0.10356139	1
0.8955847	0
0.79342073	1
0.9981894	1
0.8155769	1
0.0061463676	0
0.17888325	0
0.023693448	0
0.92429024	1
0.052322485	0
0.37775102	1
0.002789377	0
0.062791735	0
0.941115	1
0.017049743	0
0.76271576	1
0.012929356	0
0.99930394	1
0.025532093	1
0.93892735	1
0.9970561	1
0.41780064	0
0.018471496	0
0.99412835	1
0.0026354904	1
0.3410569	0
0.9899513	1
0.004517793	0
0.08926203	0
0.99342924	1
0.036506552	0
0.5209038	1
0.8958574	1
0.84790444	0
0.5158968	1
0.8295479	1
0.104640365	0
0.0064741606	0
0.0008110529	0
0.46029326	0
0.9992101	1
0.9555935	1
0.07955167	0
0.57415783	0
0.98483014	1
0.0013170462	0
0.9777108	0
0.006397741	0
0.8716306	1
0.9984357	1
0.058868553	0
0.96145296	1
0.01357448	0
0.009672769	0
0.74502397	1
0.8108892	0
0.030445	0
0.0010328414	0
0.9835935	0
0.747201	0
0.87040895	1
0.0037890396	0
0.23347795	0
0.008235393	0
0.0060340827	0
0.7305077	0
0.9730837	1
0.6183518	1
0.8427297	1
0.63320065	0
0.0048797135	0
0.17829894	0
0.04662071	0
0.999585	1
0.033331692	0
0.08801151	0
0.0070656384	0
0.0059019523	0
0.98030317	1
0.886187	1
0.006590736	0
0.96779746	1
0.7967191	0
0.057035852	0
0.034926947	0
0.87291276	1
0.6872602	1
0.9990087	1
0.9340602	0
0.77469754	0
0.0013220186	0
0.08186397	0
0.90840286	1
0.017500117	0
0.7664937	1
0.99077785	0
0.9727529	1
0.9425993	1
8.19444e-05	0
0.906023	1
0.009309468	0
0.9593738	1
0.9863578	1
0.0007997966	0
0.027134802	0
0.96836066	1
0.83587325	1
0.9836654	1
0.020767756	0
0.006234357	0
0.0005453936	0
0.8310016	0
0.6072021	0
0.96736217	1
0.043305505	1
0.012420715	0
0.06510614	0
0.0008048242	0
0.0018611063	0
0.00469798	0
0.014817512	0
0.36898533	0
0.11897655	0
0.9993212	1
0.84741133	1
0.9788815	1
0.9937536	1
0.057748124	0
0.9887949	1
0.0040330007	0
0.08306002	0
0.004540401	0
0.79652184	1
0.11164537	0
0.060476072	0
0.016539171	0
0.7501521	0
0.6986737	1
0.0006745977	0
0.0051411767	0
0.99953735	1
0.0024321608	0
0.78783745	0
6.20821e-05	0
0.994682	1
0.99587494	1
0.9848387	0
0.9258946	1
0.33734918	0
0.6318812	1
0.0017300895	0
0.98840207	1
0.856717	1
0.6856675	0
0.9913737	1
0.8403807	0
0.99048585	1
0.9997645	1
0.0009097514	0
0.71079373	0
0.00054818107	0
0.0028563791	0
0.008135172	0
0.0027146935	0
0.902181	1
0.0023705426	0
0.99068475	1
0.99110514	1
0.9933223	1
0.16010414	0
0.9999007	1
0.0020985014	0
0.4047252	1
0.9923861	1
0.079221	0
0.99704283	1
0.033396628	0
0.7183443	1
0.90671116	1
0.0042418633	0
0.036860067	0
0.017165853	0
0.82914114	1
0.058099337	0
0.005270628	0
0.9750191	1
0.0024523223	0
0.9903965	1
0.20992129	1
0.033914283	0
0.027253808	0
0.013422899	1
0.0003139629	0
0.98507917	1
0.54414964	1
0.2832773	0
0.9225916	1
0.090303674	0
0.757955	1
0.8917655	1
0.0037423614	0
0.244107	0
0.859066	1
0.19482289	1
0.9354614	1
0.98540014	1
0.98011863	1
0.0005642056	0
0.19922853	1
0.9875113	1
0.5792402	0
0.5471621	0
0.03277135	0
0.110352285	0
0.0044146	0
0.029058196	0
0.018511549	0
0.81036866	0
0.9969959	1
0.15954973	0
0.9950276	1
0.9655567	0
0.42138204	0
0.031201305	0
0.5991548	0
0.9555137	1
0.811056	1
0.20514502	1
0.9806403	1
0.10649179	0
0.109864086	0
0.032892767	0
0.9732536	1
0.9997081	1
0.5756504	1
0.37951815	1
0.99995315	1
0.9901439	1
0.04667317	0
0.42822057	0
0.004667222	0
0.058525134	0
0.05991265	0
0.0036285385	0
0.034983817	0
0.12604441	0
0.91370034	1
0.3994774	1
0.101130225	0
0.0075587286	0
0.01834258	0
0.8932201	1
0.34828278	1
0.13984673	0
0.2114692	1
0.0043084365	0
0.96752644	1
0.71065986	1
0.65418226	1
0.9897647	1
0.4922847	1
0.9910885	1
0.99526006	1
0.02889834	0
0.7131032	0
0.0294849	0
0.30122873	1
0.8989926	0
0.029768905	0
0.0039443574	0
0.048606347	0
0.005349608	0
0.02978167	1
0.6589863	1
0.0012987773	0
0.7741612	1
0.9911184	1
0.00027696634	0
0.94911706	0
0.45750716	1
0.005214745	0
0.09113849	1
0.15410735	0
0.002778778	0
0.6069011	1
0.012108442	0
0.030924382	0
0.11954047	0
0.95788246	1
0.0078628715	0
0.5951589	0
0.38123348	0
0.02669568	0
0.97365713	1
0.6807718	1
0.007215316	0
0.016185839	0
0.12222787	0
0.002117344	0
0.046642207	0
0.4447406	1
0.36149755	0
0.9982571	1
0.85372204	1
0.1464025	1
0.9919905	1
0.013050457	0
0.041224543	0
0.6014814	1
0.94799805	1
0.0008046317	0
0.25576383	1
0.46132472	0
0.00059150055	0
0.6650713	0
1.7392642e-05	0
0.9794118	1
0.0007386823	0
0.00018998225	0
0.9815757	1
0.0042404733	0
0.00074573327	0
0.08808554	0
0.8567398	0
0.008504413	0
0.9754543	1
0.3031489	0
0.013348552	0
0.5961203	1
0.9979273	1
0.99630237	1
0.0033938969	1
0.018654795	0
0.05120781	0
0.92084575	1
0.91568345	0
0.9574937	1
0.54872173	1
0.021345934	0
0.99518764	1
0.17532884	1
0.8956265	1
0.8219094	1
0.99827826	1
0.015243309	0
0.58803403	1
0.9993923	1
0.005305542	0
0.004437589	0
0.94644254	1
0.77963877	1
0.9428836	1
0.00973479	0
0.0016749677	0
0.11737316	1
0.8857743	1
0.9901676	1
0.12269882	0
0.024835475	0
0.039981242	0
0.3543415	1
0.06860687	0
0.0048001097	0
0.00036487676	0
0.0009140996	0
0.19507372	0
0.6237927	0
0.9382524	1
0.02332835	1
0.7318449	0
0.0029981409	0
0.042167958	0
0.8730806	1
0.9110266	1
0.03346312	0
0.00014777602	0
0.012237586	0
0.7792001	0
0.20494133	0
0.13353601	0
0.5892188	0
0.9678496	0
0.88116556	0
0.9993179	1
0.010472722	0
0.04515181	0
0.592426	1
0.991041	1
0.046005663	0
0.0017000497	0
0.08192605	1
0.0042046113	0
0.06977188	1
0.9999471	1
0.9866615	1
0.8086624	0
0.575753	0
0.01417955	0
0.36375538	0
0.98801035	1
0.061815552	0
0.010232493	0
0.5487518	1
0.984766	1
0.28766015	0
0.00023991482	0
0.9704833	0
0.20734246	0
0.31852794	0
0.02676745	0
0.51822895	0
0.6504714	1
0.0010554745	0
0.06998008	1
0.012061197	0
0.00033669767	0
0.00879482	0
0.005195977	0
0.9580494	0
0.9998123	1
0.05247209	1
0.6873295	0
0.8111149	1
0.814297	1
0.0019924925	0
0.9975243	1
0.52445996	1
0.05006668	0
0.9725127	1
0.007736248	0
0.9012351	1
0.37246442	1
0.9794977	1
0.009447127	0
0.96579516	0
0.0157239	0
0.44627824	0
0.99420714	1
0.106682435	0
0.41690594	1
0.028454784	0
0.124248065	0
0.0015158029	0
0.6433921	1
0.8691687	1
0.83636194	1
0.19885994	0
0.94738656	1
0.0074308836	1
0.41012415	0
0.5646555	0
0.012020057	0
0.0014054459	0
0.047873426	0
0.02536141	0
0.0054157437	0
0.2705055	0
0.9744864	1
0.97579736	1
0.07741273	0
0.04088142	1
0.22921021	0
0.008777155	0
0.00034346987	0
0.0016622016	0
0.0064172307	0
0.87212414	1
0.20215417	0
0.002744068	0
0.024124606	0
0.31030446	0
