0.24615166	0
0.44900632	0
0.24461247	1
0.10441009	0
0.9271271	1
0.4394538	1
0.4857434	1
0.9979777	1
0.9918921	1
0.7626738	1
0.8946212	0
0.87645465	1
0.5874515	1
0.02854546	0
0.95164984	1
0.0009395361	0
0.09953157	0
0.3028655	0
0.011009074	0
0.008124044	0
0.75648975	1
0.57209855	1
0.9802726	1
0.81343704	0
0.95123625	1
0.18462203	0
0.94296277	1
0.0008403226	0
0.96594185	1
0.017795786	0
0.07770347	1
0.018523768	0
0.008494749	0
0.75080824	1
0.6664905	1
0.00016895229	0
0.013035089	0
0.033699237	0
0.41491678	0
0.9728282	1
0.99963355	1
0.9548691	1
0.54159963	0
0.010020749	0
0.94139904	1
0.42208183	0
0.0012618732	0
0.95540863	1
0.14009197	1
0.99454874	1
0.91380435	1
0.98887014	1
0.9863734	1
0.25123107	0
0.13170941	0
0.00011820346	0
0.9754495	1
0.33528593	0
0.93470824	1
0.1015279	0
0.9817215	1
0.0026487354	0
0.99976045	1
0.9990727	1
0.9575277	1
0.018033423	0
2.3892706e-05	0
0.29866558	0
0.876684	1
0.054283302	0
0.0011881251	0
0.49217957	0
0.014757567	0
0.009372974	0
0.8637188	1
0.0012125417	0
0.75284916	1
0.061422613	0
0.027573196	0
0.0018561329	0
0.8123597	0
0.46740547	1
0.16879962	0
0.9837573	1
0.00045014586	0
0.1404183	0
0.9991959	1
0.13755059	0
0.11331783	0
0.6777903	0
0.39327937	0
0.15315256	0
0.73248106	0
0.9026298	1
0.9992467	1
0.14072552	0
0.86619353	1
0.51320785	1
0.025015395	0
0.22177291	1
0.9917779	1
0.31522453	0
0.0017966108	0
0.95871526	1
0.068022944	0
0.0068758377	0
0.062904365	0
0.42256218	1
0.99942756	1
0.44846442	1
0.0075651384	0
0.0011729561	0
0.9994609	1
0.9928139	1
0.003682928	0
0.0036295091	0
0.3749792	0
0.0017731729	0
0.011371118	0
0.9997538	1
0.99926883	1
0.8798221	1
0.68412334	0
0.0004624184	0
0.9133632	1
0.977405	1
0.8823345	1
0.98184216	0
0.57653064	1
0.9298636	1
0.9103266	1
0.8857227	1
0.0259232	0
0.0041432283	0
0.17344525	1
0.59474534	1
0.30579725	0
0.81685317	1
0.002837945	0
0.7616199	0
0.014820108	0
0.37957838	1
0.0017453972	0
0.0023737666	0
0.3076422	1
0.20931846	0
0.9993716	1
0.81139886	1
0.78788704	1
0.9327652	1
0.99775654	1
0.84038097	1
0.48688263	1
0.93770176	1
0.99894947	1
0.009054507	0
0.006362892	0
0.9962022	1
0.75064737	0
0.773191	0
0.9408068	1
0.5003845	1
0.28663087	0
0.2485355	0
0.9836559	1
0.2804164	0
0.0026862796	0
0.9997147	1
0.026026662	0
0.05235892	0
0.025427751	0
0.0027226317	0
0.01846141	0
0.9329331	1
0.0023156803	0
0.74975044	1
0.83333844	1
0.97309643	1
0.9522208	1
0.0039134216	0
0.052443426	0
0.07097612	1
0.98683715	1
0.0839786	0
0.007501878	1
0.16309795	0
0.034969162	0
0.4596015	0
0.7460077	1
0.0025709085	0
0.9814068	1
0.48803198	1
0.007293561	0
0.17020045	0
0.9934228	1
0.2541393	0
0.011949647	0
0.052477933	0
0.014059058	0
0.023107173	0
0.98866206	1
0.0073131765	0
0.99109393	1
0.006725387	0
0.91446674	1
0.39925846	1
0.9528941	1
0.4157788	1
0.9665081	1
0.87901354	1
0.99035627	1
0.51309687	1
0.0048022377	0
0.0013050055	0
0.006623244	0
0.53604156	1
0.95855534	0
0.066981	0
0.81788796	1
0.9595556	1
0.0004552332	0
0.98391634	1
0.007842406	0
0.011815698	0
0.009402098	0
0.0075422963	0
0.97076315	1
0.9138415	1
0.8532052	1
0.0181004	0
0.43031764	0
0.00040074784	0
0.038816635	0
0.030532857	0
0.47532737	0
0.0074686278	0
0.84927684	1
0.9647163	1
0.6197315	0
0.035393853	0
0.9167206	1
0.669254	1
0.9982247	1
0.9921008	1
0.012448828	0
0.0135684665	0
0.9925567	1
0.8803751	1
0.99521977	1
0.008170858	0
0.9998578	1
0.9925764	1
0.020029482	0
0.9445018	1
0.99385464	1
0.90169305	0
0.6534555	1
0.85906833	1
0.009266853	0
0.99819946	1
0.004352818	0
0.74630183	1
0.99725574	1
0.010223539	1
0.9418307	1
0.8164623	0
0.00082299585	0
0.5050743	0
0.000529287	0
0.0025240255	0
0.9725771	1
0.0010287424	0
0.08137198	0
0.48052916	0
0.71079296	1
0.93207586	0
0.9182051	1
0.06697798	0
0.00012099308	0
0.333617	1
0.99797374	1
0.48782763	1
0.09042078	0
0.88259035	1
0.71478134	1
0.97425985	1
0.016910419	0
0.3963225	1
0.95408595	1
0.48596415	1
0.00039125196	0
0.0017509693	0
0.8506895	1
0.9656163	1
0.000699026	0
0.9960305	1
0.56929725	1
0.00028769436	0
0.016944578	0
0.03618446	0
0.011051994	0
0.28295258	1
0.009851991	0
0.01586195	0
0.511706	0
0.9903464	1
0.87978166	0
0.80044365	0
0.005542406	0
0.04390953	0
0.9994641	1
0.073227525	0
0.006323227	0
0.8235472	0
0.12562203	1
0.0009840427	0
0.0002772575	0
0.20058374	0
0.08205498	0
0.9796537	1
0.8159724	1
0.98561007	1
0.05068539	0
0.11061556	1
0.049968515	0
0.98407227	1
0.6027432	1
0.946388	1
0.9594583	1
0.69637126	0
0.71566117	1
0.011783816	0
0.8641298	0
0.17299296	0
0.0114810215	0
0.61819446	1
0.9153567	1
0.9983317	1
0.1328652	0
0.15558988	1
0.3356786	1
0.9992423	1
0.16096665	0
0.0025289285	0
0.63730067	1
0.9631944	1
0.019255815	0
0.0042280485	0
0.015153427	0
0.732074	1
0.9265571	1
0.99440706	1
0.997712	1
0.9986339	1
0.969995	1
0.9882289	1
0.08019893	0
0.18562296	1
0.08205919	0
0.9860465	1
0.9796937	1
0.99811757	1
0.7269256	1
0.708007	0
0.0022772506	1
0.66889614	0
0.9996238	1
0.027309068	0
0.0025924894	0
0.9846578	1
0.0011816184	0
0.055227008	1
0.97813725	1
0.055230033	0
0.0809914	1
0.013625314	0
0.89504045	1
0.5505436	0
0.9448915	1
0.10564917	1
0.76218545	1
0.00662792	0
0.36406216	0
0.0006786214	0
0.0048358887	0
0.2646065	0
0.47653827	1
0.0033727747	0
0.99497956	1
0.26435867	0
0.050681178	1
0.013433764	0
0.9685147	1
0.006844549	0
0.27232546	0
0.007835819	0
0.9994523	1
0.9845517	1
0.9701561	1
0.3527688	1
0.39910388	1
0.1704492	1
0.5222898	1
0.00017043068	0
0.99831736	1
0.0016322962	0
0.011427218	0
0.015622229	0
0.6708666	0
0.58666056	1
0.9959831	1
0.050462577	0
0.94988024	1
0.8698104	1
0.8964662	1
0.6292816	1
0.9995695	1
0.012227469	0
0.72802293	1
0.6537024	1
0.0019967926	1
0.009513396	0
0.038444735	0
0.0022267352	0
0.95945567	1
0.0012818176	0
0.8350103	1
0.9268155	1
0.012150632	0
0.8516789	1
0.25111502	0
0.7719874	1
0.0018630063	0
0.97856504	1
0.97688144	1
0.0005412839	0
0.39516193	1
0.7503461	1
0.84223783	0
0.037428174	0
0.056289	0
0.12421649	0
0.12703885	1
0.02715087	0
0.5926406	0
0.116142854	0
0.1458029	0
0.97825795	1
0.0030521774	0
0.736713	1
0.9786856	0
0.9929263	1
0.004968979	0
0.72573787	0
0.0011944625	0
0.20115578	0
0.0045444313	0
0.4669881	0
0.0040059304	0
0.01706563	0
0.04600899	0
0.056360036	0
0.3252185	1
0.8387156	1
0.18101186	0
0.6440221	1
0.8088878	1
0.37103066	0
0.9813457	1
0.0007471446	0
0.06568866	0
0.12214375	0
0.7142992	0
0.95079666	1
0.9892046	1
0.012153563	0
0.038842097	0
0.0071179434	0
0.7582418	1
0.9964239	1
0.14904054	1
0.9700075	1
0.14751126	1
0.2341427	0
0.60343856	0
0.97104204	1
0.5933847	0
0.41825488	0
0.0050270683	0
0.03970962	1
0.10364727	0
0.74520963	0
0.010954911	0
0.6359208	0
0.7049408	1
0.00083945907	0
0.3690746	1
0.011485102	0
0.00426774	0
0.99993455	1
0.29627228	1
0.117053404	1
0.98799485	1
0.99945635	1
0.015792897	0
0.018342959	1
0.71028763	0
0.9980059	1
0.9123013	1
0.676921	1
0.89449507	1
0.9974375	1
0.013365777	0
0.028683353	0
0.78892636	1
0.30313158	0
0.08723683	0
0.9939867	1
0.0014893457	0
0.9136636	1
0.9181621	1
0.31682107	0
0.08311489	0
0.46804157	0
0.8322741	1
0.020229565	0
0.9994764	1
0.0110043865	0
0.87898856	1
0.0039777127	0
0.0044213724	0
0.061272413	1
0.9977754	1
0.09261449	0
0.11724514	0
0.089057274	0
0.49298117	1
0.99352723	1
0.006537301	0
0.00863172	0
0.0002314932	0
0.9804428	1
0.9104613	1
0.012016309	0
0.27611688	1
0.08631731	0
0.44230127	0
0.069762446	0
0.40241084	1
0.999398	1
0.97766703	1
0.9974807	1
0.9476105	1
0.0010822909	0
0.94590575	0
0.9383669	0
0.0039396263	0
0.0010457535	0
0.77817804	1
0.30651787	0
0.12053004	0
0.027967313	0
0.00026930167	0
0.049365196	0
0.018698279	0
0.000120972196	0
0.0020254105	0
0.20238347	1
0.8247292	1
0.21454047	0
0.0057890937	0
0.99442977	1
0.9900439	0
0.99693066	1
0.043490387	0
3.9458464e-05	0
0.0050457446	1
0.016674848	0
0.006316501	0
0.0018508945	0
0.041660193	0
0.01144694	0
0.99073213	1
0.40466806	1
0.9859196	1
0.0011734746	0
0.18415256	0
0.11986172	0
0.86600083	1
0.008282209	0
0.99418336	1
0.008931114	0
0.5938048	1
0.033266786	0
0.00021413241	0
0.0027674418	0
0.9549268	1
0.99394774	1
0.9968137	1
0.63768786	1
0.9794032	1
0.023053776	0
0.9790765	1
0.9985331	1
0.9929006	1
0.6460694	1
0.009492005	0
0.99946195	1
0.99979466	1
0.06230001	0
0.9854284	1
0.00360029	0
0.08583863	0
0.28673294	0
0.00024956733	0
0.00085572246	0
0.99973875	1
0.3604387	0
0.002809481	0
0.97104293	1
0.3752583	0
0.9433425	1
0.56887287	0
0.63909763	0
0.9983929	1
0.0017324629	0
0.00017304876	0
0.0032534315	0
0.0062885936	0
0.0037958564	0
0.009102775	0
0.0031494193	0
0.0030120313	0
0.9938055	1
0.0016456681	0
0.0005681035	0
0.10250402	0
0.0020577465	0
0.99956733	1
0.0009722211	0
0.65236217	1
0.9708446	1
0.7166701	0
0.9969963	1
0.026106983	0
0.07302145	0
0.010007461	0
0.91970176	1
0.0049447613	0
0.0023759967	0
0.00033454926	0
0.09006566	0
0.0018169398	0
0.0011166539	0
0.99618995	1
0.001709836	0
0.069448516	0
0.97584355	1
0.92699194	1
0.99797183	1
0.16910909	0
0.025735011	0
0.012368036	0
0.00030302655	0
0.045490354	0
0.10166335	0
0.9705986	1
0.957006	1
0.7694181	1
0.20900697	0
0.8596668	1
0.0070936135	0
0.26701623	0
0.047807645	0
0.9917908	1
0.9607228	1
0.39410248	0
0.0018786552	0
0.06705588	0
0.04453862	0
0.00270122	0
0.9924068	1
0.99893016	1
0.0040951404	0
0.03826225	1
0.99162287	1
0.33367434	0
0.0004133693	0
0.9961689	1
0.3816915	1
0.012402379	0
0.9762804	1
0.11478539	0
0.0002833631	0
0.02434552	0
0.97628766	1
0.32482633	0
0.9957574	1
0.4213853	1
0.9793784	1
0.90533406	1
0.8431216	1
0.044302125	0
0.44344094	0
0.006805768	0
0.11787559	0
0.15936223	0
0.64712304	1
0.11860938	0
0.99603397	1
0.32747996	1
0.024020905	0
0.87817806	1
0.7571215	1
0.002133767	0
0.23245522	1
0.49848184	1
0.9947706	1
0.0018108108	0
0.9546713	1
0.08982046	1
0.9951669	1
0.24348399	1
0.0014141956	0
0.0007411738	0
0.001776586	0
0.89536685	1
0.9919051	1
0.30337468	0
0.08620593	0
0.9754254	1
0.770222	1
0.85877186	1
0.9664552	1
0.0011341306	0
0.0011777921	0
0.018391443	0
0.08205592	0
0.9859584	1
0.9909724	1
0.056034785	0
0.9807108	1
0.29568133	0
0.00095342996	0
0.012908984	0
0.09718959	0
0.99992895	1
0.999881	1
0.29843017	0
0.0002369206	0
0.99947506	1
0.01314676	0
0.984866	1
0.11140464	0
0.18186782	0
0.0012959174	0
0.00565905	0
0.99075526	1
0.52353996	0
0.8329333	1
0.99843615	1
0.00024929692	0
0.48677894	0
0.09316642	0
0.4000323	0
0.03636911	0
0.00067438197	0
0.999553	1
0.47839144	1
0.9127783	1
0.027999299	0
0.01994063	0
0.47014758	1
0.52086437	1
0.99356973	1
0.00015671256	0
0.0485674	0
0.018842077	0
0.8380447	1
0.03598689	0
0.33703023	0
0.5517759	1
0.0015667694	0
0.010213165	0
0.88631237	1
0.003858203	0
0.94965583	1
0.02482405	0
0.04004331	0
0.9830609	1
0.8878976	1
0.002167697	0
0.28134558	1
0.9995733	1
0.97818905	1
0.4880264	0
8.174616e-05	0
0.04446188	0
0.9998337	1
0.8068775	1
0.274744	0
0.9980392	1
0.9958696	1
0.9823239	1
0.04391742	0
0.093443796	0
0.0062111476	0
0.30904785	1
0.0528895	0
0.0056994185	0
0.76750374	1
0.0037142301	0
0.9775687	1
0.9989976	1
0.004005818	0
0.5203222	1
0.9984101	1
0.9933193	1
0.763309	0
0.0010059654	0
0.002856098	0
0.99407	1
0.9577146	1
0.9613187	1
0.85416347	1
0.3197542	0
0.95560735	1
0.004319343	0
0.7063919	0
0.000460605	0
0.95057344	1
0.23134197	0
0.0090386	0
0.928333	1
0.90919644	1
0.026862592	0
0.028551683	0
0.07698984	0
0.98542804	1
0.016658265	0
0.9843089	1
0.25137082	1
0.98561424	1
0.0939811	1
0.999079	1
0.77052265	0
0.5661949	0
0.98031783	1
0.032213636	0
0.000984165	0
0.0036004866	0
0.76380503	1
0.37588987	0
0.017368274	0
0.812958	1
0.98842734	1
0.020513454	0
0.016351597	0
0.99123514	0
0.0013076046	0
0.5283011	0
0.009753198	0
0.008087137	0
0.51777357	1
0.6738199	0
0.45772436	0
0.1902947	0
0.017486693	0
0.87616456	1
7.9833175e-05	0
0.8940661	1
0.9062588	0
0.67374915	1
0.0130880745	0
0.60632443	1
0.99260134	1
0.9977526	1
0.0116039775	0
0.9960873	1
0.08009835	0
0.97793365	1
0.9987264	1
0.043312766	0
0.028973337	0
0.99289566	1
0.14862625	0
0.86570793	1
0.0062982943	0
0.58428127	1
0.21962425	0
0.99566585	1
0.8567557	1
0.78930426	1
0.84545255	1
0.9959099	1
0.00017796525	0
0.5279551	1
0.010772437	0
0.49868757	0
0.8106633	1
0.9837801	1
0.20461477	1
0.00018357352	0
0.05154443	0
0.82971114	0
0.9987534	1
0.25483736	1
0.008907338	0
0.9758858	1
0.9979862	1
0.8923631	1
0.9904246	1
0.008939348	0
0.97088337	1
0.1309736	0
0.9745582	1
0.9996923	1
0.73588634	1
0.0023927349	0
0.0007083302	0
0.29475564	0
0.99877626	1
0.00017488317	0
0.9954389	1
0.6312734	0
0.009146115	0
0.914405	1
0.96295786	1
0.0124651585	0
0.9746396	1
0.0023164053	0
0.004375331	0
0.99954766	1
0.98660815	1
0.003869163	0
0.14957105	0
0.97863346	1
4.2984197e-05	0
0.22635575	0
0.8228481	1
0.9954145	1
0.0018454627	0
0.16620761	0
0.90172726	1
0.9778007	1
0.06588385	0
0.8171518	1
0.99564904	1
0.62048024	1
0.00090404396	0
0.25543058	0
0.99108255	1
0.560621	1
0.24048728	1
0.038105596	0
0.99774736	1
0.9990823	1
0.884775	1
0.1285283	0
0.0026511084	0
0.38884193	1
0.8939585	1
0.99757236	1
0.9370222	1
0.008989208	0
0.15756299	0
0.9878392	1
0.17729262	0
0.98812056	1
0.0034784868	0
0.021315902	0
0.941864	1
0.03217696	0
6.199189e-05	0
0.7166512	0
0.001760959	0
0.8137403	1
0.31050518	1
0.99745363	1
0.0006205808	0
0.003378564	0
0.020118112	0
0.87786955	1
0.28457624	0
0.8497091	1
0.02601059	0
0.9753699	1
0.9660778	1
0.013124661	0
0.40380633	0
0.014226906	0
0.9917754	1
0.46254414	1
0.57831496	1
0.5743127	0
0.044594325	0
0.18891296	1
0.008846686	0
0.0122329695	0
0.0015308975	0
0.00047369287	0
0.0010089134	0
0.0005757627	0
0.031318266	0
0.0115078995	0
0.067687325	0
0.021753527	0
0.989061	1
0.9856938	1
0.9997274	1
0.064404115	1
0.00087021606	0
0.11504836	0
0.030694358	0
0.0024716295	0
0.0073831384	0
0.9559555	1
0.00506226	0
0.9995266	1
0.2334137	0
0.0004326952	0
0.73677593	1
0.9876578	1
0.052829422	1
0.03563053	0
0.52863663	1
0.002380391	0
0.2422541	0
0.8008711	1
0.33353913	0
0.62709695	0
4.379831e-05	0
0.2497577	0
0.03704887	0
0.12544808	0
0.45717818	0
0.66569746	1
0.92756516	1
0.0016225245	0
0.00012979496	0
0.9847739	1
0.99145293	1
0.4835789	0
0.029377433	0
0.008785825	0
0.0969147	1
0.98589617	1
0.56442684	1
0.0077828183	0
0.0016666983	0
0.97845685	1
0.006600059	0
0.99324244	1
0.0029529415	0
0.00362507	0
0.02462837	0
0.94174564	1
0.77126926	1
0.9136078	1
0.9723293	1
0.81087184	0
0.040460993	0
0.9979055	1
0.013931151	0
0.007862437	0
0.9780266	1
0.998374	1
0.7711263	1
0.7154704	1
0.9986903	1
0.9985739	1
0.2694339	0
0.15132965	0
0.99732286	1
0.0057487087	0
0.48227265	0
0.002245439	0
0.071663745	0
0.0057168035	0
0.0034471669	0
0.9980275	1
0.18628307	0
0.784264	1
0.999858	1
0.9848669	1
0.8978225	1
0.004830196	0
0.09810795	0
0.000509747	0
0.00029324868	0
0.99663574	1
0.34188244	0
0.00033728272	0
0.019122405	0
0.21953978	0
0.0055429656	0
0.98976934	1
0.018620726	0
0.9498184	0
0.6121666	0
0.4796842	1
0.06520591	0
0.0018223719	0
0.0008198583	0
0.0064194384	0
0.102616906	0
0.0013316484	0
0.98842734	1
0.042921584	0
0.9961123	1
0.03185763	0
0.5630958	0
0.0031172466	0
0.9301802	1
0.8710533	1
0.6498932	1
0.0017276823	0
0.99289364	1
0.0024251507	0
0.98242915	1
0.0061949505	0
0.004599235	0
0.8356434	1
0.000613521	0
0.02049316	0
0.029305795	0
0.06038171	0
0.0048674773	0
0.3938182	1
0.17147394	0
0.99277264	1
0.99914455	1
0.059234254	0
0.9953987	1
0.70281583	1
0.0031360476	0
0.73465294	0
0.8876539	1
0.21723098	0
0.9946813	0
0.21828407	0
0.50530934	1
0.09597292	0
0.20369998	0
0.00018879943	0
0.041630626	0
0.5018284	0
0.9862483	1
0.9903384	1
0.56711495	1
0.2976794	1
0.7027024	0
0.008110531	0
0.89857614	1
0.9970337	1
0.0066801864	0
0.12459315	0
0.027926521	0
0.31990492	1
0.0027111382	0
0.23683573	1
0.016244676	0
0.66350675	1
0.0111116385	0
0.028442046	0
0.00023705122	0
0.9961991	1
0.58698064	0
0.9013946	1
0.99180377	1
0.18471983	0
0.9993826	1
0.58975184	1
0.023793055	0
0.99731666	1
0.9950246	1
0.9079786	0
0.99319553	1
0.99995625	1
0.9644699	1
0.008119128	0
0.9931335	1
0.023558341	0
0.35485604	0
0.16787487	0
0.071324944	0
0.2244933	1
0.110860415	0
0.6978443	0
0.74088895	0
0.13991876	1
0.11181098	1
0.9817842	0
0.0006132322	0
0.9827208	1
0.08001683	0
0.89529425	1
0.25914708	0
0.8933569	0
0.4128226	1
0.10644965	0
0.283281	0
0.07150735	0
0.78223467	1
0.10014981	0
0.0076991	0
0.08671758	0
0.019231156	0
0.99464583	1
0.9432501	1
0.6267301	0
0.045123048	0
0.93524706	1
0.114714086	0
0.96823335	1
0.0011665168	0
0.9687857	1
0.006662124	0
0.0017200132	0
0.0015521692	0
0.012679877	0
0.15124084	0
0.015417769	0
0.086711824	0
0.9021268	1
0.0015251762	0
0.88446695	1
0.99577636	1
0.117385626	0
0.028506227	0
0.009761067	0
0.005421644	0
0.98291945	1
0.96742177	1
0.004065787	0
0.99615127	1
0.93848556	1
0.9982836	1
0.0007914015	0
0.9993113	1
0.026815962	0
0.024892302	0
0.29848233	0
0.009656422	0
0.011243517	0
0.9946972	1
0.9996264	1
0.016896851	0
0.35233998	1
0.99490345	1
0.010485959	0
0.7929152	1
0.018538771	0
0.9928148	1
